426
352 208 0 32
320 224 0 32
288 240 0 32
256 256 0 32
224 272 0 32
192 288 0 32
224 304 0 32
256 288 0 32
288 272 0 32
320 256 0 32
352 240 0 32
384 224 0 32
384 192 0 32
416 208 0 32
448 192 0 32
416 176 0 32
384 160 0 32
352 176 0 32
320 208 0 32
320 192 0 32
288 208 0 32
256 224 0 32
224 240 0 32
192 256 0 32
160 272 0 32
128 256 0 32
160 240 0 32
192 224 0 32
224 208 0 32
256 192 0 32
288 176 0 32
320 160 0 32
352 144 0 32
320 128 0 32
288 144 0 32
256 160 0 32
224 176 0 32
192 192 0 32
160 208 0 32
128 224 0 32
96 240 0 32
64 224 0 32
96 208 0 32
128 192 0 32
160 176 0 32
192 160 0 32
224 144 0 32
256 128 0 32
288 112 0 32
480 208 0 32
448 224 0 32
416 240 0 32
384 256 0 32
352 272 0 32
320 288 0 32
288 304 0 32
256 320 0 32
288 336 0 32
320 320 0 32
352 304 0 32
384 288 0 32
416 272 0 32
448 256 0 32
480 240 0 32
512 224 0 32
544 240 0 32
512 256 0 32
480 272 0 32
448 288 0 32
416 304 0 32
384 320 0 32
352 336 0 32
320 352 0 32
352 368 0 32
384 352 0 32
416 336 0 32
448 320 0 32
480 304 0 32
512 288 0 32
544 272 0 32
576 256 0 32
32 240 0 32
64 256 0 32
96 272 0 32
128 288 0 32
160 304 0 32
192 320 0 32
224 336 0 32
256 352 0 32
288 368 0 32
320 384 0 32
0 256 0 32
32 272 0 32
64 288 0 32
96 304 0 32
96 304 0 32
128 320 0 32
192 336 0 32
160 336 0 32
192 352 0 32
224 368 0 32
256 384 0 32
288 400 0 32
320 416 0 32
352 400 0 32
384 384 0 32
416 368 0 32
448 352 0 32
480 336 0 32
512 320 0 32
544 304 0 32
576 288 0 32
608 272 0 32
640 288 0 32
608 304 0 32
576 320 0 32
544 336 0 32
512 352 0 32
480 368 0 32
448 384 0 32
416 400 0 32
384 416 0 32
352 432 0 32
0 288 0 32
32 304 0 32
64 320 0 32
96 336 0 32
128 352 0 32
160 368 0 32
192 384 0 32
224 400 0 32
256 416 0 32
288 432 0 32
320 448 0 32
0 320 0 32
32 336 0 32
64 352 0 32
96 368 0 32
128 400 0 32
128 384 0 32
160 400 0 32
192 416 0 32
224 432 0 32
256 448 0 32
288 464 0 32
0 352 0 32
32 368 0 32
64 384 0 32
96 400 0 32
128 416 0 32
160 432 0 32
192 448 0 32
224 464 0 32
256 480 0 32
288 496 0 32
320 480 0 32
352 464 0 32
384 448 0 32
416 432 0 32
448 416 0 32
480 400 0 32
512 384 0 32
544 368 0 32
576 352 0 32
608 336 0 32
640 320 0 32
672 304 0 32
544 368 0 992
544 336 0 960
544 304 0 896
544 272 0 832
544 272 0 864
448 288 0 544
480 272 64 544
416 272 64 544
448 256 128 544
480 272 128 544
448 256 192 544
384 256 192 544
448 256 256 544
416 240 192 544
