98
224 304 0 32
256 288 0 32
288 272 0 32
320 256 0 32
352 240 0 32
384 224 0 32
416 208 0 32
256 320 0 32
288 304 0 32
320 288 0 32
352 272 0 32
384 256 0 32
416 240 0 32
448 224 0 32
288 336 0 32
320 320 0 32
352 304 0 32
384 288 0 32
416 272 0 32
448 256 0 32
480 240 0 32
320 352 0 32
352 336 0 32
384 320 0 32
416 304 0 32
448 288 0 32
480 272 0 32
512 256 0 32
352 368 0 32
384 352 0 32
416 336 0 32
448 320 0 32
480 304 0 32
512 288 0 32
544 272 0 32
384 384 0 32
416 368 0 32
448 352 0 32
480 336 0 32
512 320 0 32
544 304 0 32
576 288 0 32
416 400 0 32
448 384 0 32
480 368 0 32
512 352 0 32
544 336 0 32
576 320 0 32
608 304 0 32
0 416 0 32
32 400 0 32
64 384 0 32
96 368 0 32
128 352 0 32
160 336 0 32
192 320 0 32
32 432 0 32
64 416 0 32
96 400 0 32
128 384 0 32
160 368 0 32
192 352 0 32
224 336 0 32
64 448 0 32
96 432 0 32
128 416 0 32
160 400 0 32
192 384 0 32
224 368 0 32
256 352 0 32
96 464 0 32
128 448 0 32
160 432 0 32
192 416 0 32
224 400 0 32
256 384 0 32
288 368 0 32
128 480 0 32
160 464 0 32
192 448 0 32
224 432 0 32
256 416 0 32
288 400 0 32
320 384 0 32
160 496 0 32
192 480 0 32
224 464 0 32
256 448 0 32
288 432 0 32
320 416 0 32
352 400 0 32
192 512 0 32
224 496 0 32
256 480 0 32
288 464 0 32
320 448 0 32
352 432 0 32
384 416 0 32
