390
448 304 0 32
416 320 0 32
384 304 0 32
416 288 0 32
448 304 0 992
-100 -100 0 960
448 240 0 928
448 208 0 896
448 176 0 864
-100 -100 0 32
-100 -100 0 928
-100 -100 0 960
-100 -100 0 32
-100 -100 0 960
-100 -100 0 32
512 272 0 32
480 256 0 32
512 240 0 32
544 256 0 32
480 224 0 32
448 240 0 32
-100 -100 0 32
416 256 0 32
384 272 0 32
352 288 0 32
320 272 0 32
352 256 0 32
384 240 0 32
416 224 0 32
448 208 0 32
480 192 0 32
448 176 0 32
416 192 0 32
416 208 0 32
416 192 0 32
384 208 0 32
352 224 0 32
320 240 0 32
288 256 0 32
512 208 0 32
544 224 0 32
576 240 0 32
608 256 0 32
576 272 0 32
544 288 0 32
512 304 0 32
480 320 0 32
448 336 0 32
480 352 0 32
512 336 0 32
544 320 0 32
576 304 0 32
608 288 0 32
640 272 0 32
256 272 0 32
288 288 0 32
320 304 0 32
352 320 0 32
384 336 0 32
416 352 0 32
448 368 0 32
224 288 0 32
256 304 0 32
288 320 0 32
320 336 0 32
352 352 0 32
416 368 0 32
384 368 0 32
416 384 0 32
448 400 0 32
480 384 0 32
512 368 0 32
544 352 0 32
576 336 0 32
608 320 0 32
640 304 0 32
672 288 0 32
704 304 0 32
672 320 0 32
672 336 0 32
640 336 0 32
608 352 0 32
576 368 0 32
544 384 0 32
512 400 0 32
480 416 0 32
448 432 0 32
416 416 0 32
-100 -100 0 32
384 400 0 32
352 384 0 32
320 368 0 32
288 352 0 32
288 336 0 32
256 336 0 32
224 320 0 32
192 304 0 32
736 320 0 32
704 336 0 32
672 352 0 32
640 368 0 32
608 384 0 32
576 400 0 32
544 416 0 32
512 432 0 32
480 448 0 32
448 464 0 32
416 448 0 32
384 432 0 32
352 416 0 32
320 400 0 32
288 384 0 32
256 368 0 32
224 352 0 32
192 336 0 32
160 320 0 32
128 336 0 32
160 352 0 32
192 368 0 32
224 384 0 32
256 400 0 32
288 416 0 32
320 432 0 32
352 448 0 32
384 464 0 32
416 480 0 32
448 496 0 32
480 480 0 32
512 464 0 32
544 448 0 32
576 432 0 32
608 416 0 32
640 400 0 32
672 384 0 32
704 368 0 32
736 352 0 32
768 336 0 32
416 160 0 32
384 176 0 32
352 192 0 32
320 208 0 32
288 224 0 32
256 240 0 32
224 256 0 32
192 272 0 32
160 288 0 32
128 304 0 32
96 320 0 32
64 336 0 32
96 352 0 32
128 368 0 32
160 384 0 32
192 400 0 32
224 416 0 32
256 432 0 32
288 448 0 32
320 464 0 32
352 480 0 32
384 496 0 32
416 512 0 32
384 144 0 32
352 160 0 32
320 176 0 32
288 192 0 32
256 208 0 32
224 224 0 32
192 240 0 32
160 256 0 32
128 272 0 32
96 288 0 32
64 304 0 32
32 320 0 32
0 336 0 32
32 352 0 32
64 368 0 32
96 384 0 32
-100 -100 0 32
128 400 0 32
160 416 0 32
192 432 0 32
224 448 0 32
256 464 0 32
288 480 0 32
320 496 0 32
352 512 0 32
384 528 0 32
-100 -100 0 960
480 288 0 32
448 272 0 32
448 272 0 960
-100 -100 0 928
-100 -100 0 928
448 240 0 928
448 208 0 896
-100 -100 0 864
448 176 0 864
-100 -100 0 0
-100 -100 0 0
-100 -100 0 0
-100 -100 0 0
-100 -100 0 0
-100 -100 0 0
-100 -100 0 0
-100 -100 0 0
-100 -100 0 0
-100 -100 0 0
-100 -100 0 0
-100 -100 0 0
-100 -100 0 0
-100 -100 0 0
-100 -100 0 0
-100 -100 0 0
-100 -100 0 0
-100 -100 0 0
-100 -100 0 0
-100 -100 0 0
-100 -100 0 0
-100 -100 0 0
-100 -100 0 0
-100 -100 0 0
-100 -100 0 0
-100 -100 0 0
-100 -100 0 0
-100 -100 0 0
-100 -100 0 0
-100 -100 0 0
-100 -100 0 0
-100 -100 0 0
-100 -100 0 0
-100 -100 0 0
-100 -100 0 0
-100 -100 0 0
-100 -100 0 0
-100 -100 0 0
-100 -100 0 0
-100 -100 0 0
-100 -100 0 0
-100 -100 0 0
-100 -100 0 0
-100 -100 0 0
-100 -100 0 0
-100 -100 0 0
-100 -100 0 0
-100 -100 0 0
-100 -100 0 0
-100 -100 0 0
-100 -100 0 0
-100 -100 0 0
-100 -100 0 0
-100 -100 0 0
-100 -100 0 0
-100 -100 0 0
-100 -100 0 0
-100 -100 0 0
-100 -100 0 0
-100 -100 0 0
-100 -100 0 0
-100 -100 0 0
-100 -100 0 0
-100 -100 0 0
-100 -100 0 0
-100 -100 0 0
-100 -100 0 0
-100 -100 0 0
-100 -100 0 0
-100 -100 0 0
-100 -100 0 0
-100 -100 0 0
-100 -100 0 0
-100 -100 0 0
-100 -100 0 0
-100 -100 0 0
-100 -100 0 0
-100 -100 0 0
-100 -100 0 0
-100 -100 0 0
-100 -100 0 0
-100 -100 0 0
-100 -100 0 0
-100 -100 0 0
-100 -100 0 0
-100 -100 0 0
-100 -100 0 0
-100 -100 0 0
-100 -100 0 0
-100 -100 0 0
-100 -100 0 0
-100 -100 0 0
-100 -100 0 0
-100 -100 0 0
-100 -100 0 0
-100 -100 0 0
-100 -100 0 0
-100 -100 0 0
-100 -100 0 0
-100 -100 0 0
-100 -100 0 0
-100 -100 0 0
-100 -100 0 0
-100 -100 0 0
-100 -100 0 0
-100 -100 0 0
-100 -100 0 0
-100 -100 0 0
-100 -100 0 0
-100 -100 0 0
-100 -100 0 0
-100 -100 0 0
-100 -100 0 0
-100 -100 0 0
-100 -100 0 0
-100 -100 0 0
-100 -100 0 0
-100 -100 0 0
-100 -100 0 0
-100 -100 0 0
-100 -100 0 0
-100 -100 0 0
-100 -100 0 0
-100 -100 0 0
-100 -100 0 0
-100 -100 0 0
-100 -100 0 0
-100 -100 0 0
-100 -100 0 0
-100 -100 0 0
-100 -100 0 0
-100 -100 0 0
-100 -100 0 0
-100 -100 0 0
-100 -100 0 0
-100 -100 0 0
-100 -100 0 0
-100 -100 0 0
-100 -100 0 0
-100 -100 0 0
-100 -100 0 0
-100 -100 0 0
-100 -100 0 0
-100 -100 0 0
-100 -100 0 0
-100 -100 0 0
-100 -100 0 0
-100 -100 0 0
-100 -100 0 0
-100 -100 0 0
-100 -100 0 0
-100 -100 0 0
-100 -100 0 0
-100 -100 0 0
-100 -100 0 0
-100 -100 0 0
-100 -100 0 0
-100 -100 0 0
-100 -100 0 0
-100 -100 0 0
-100 -100 0 0
-100 -100 0 0
-100 -100 0 0
-100 -100 0 0
-100 -100 0 0
-100 -100 0 0
-100 -100 0 0
-100 -100 0 0
-100 -100 0 0
-100 -100 0 0
-100 -100 0 0
-100 -100 0 0
-100 -100 0 0
-100 -100 0 0
-100 -100 0 0
-100 -100 0 0
-100 -100 0 0
-100 -100 0 0
-100 -100 0 0
-100 -100 0 0
-100 -100 0 0
-100 -100 0 0
-100 -100 0 0
-100 -100 0 0
-100 -100 0 0
-100 -100 0 0
-100 -100 0 0
-100 -100 0 0
-100 -100 0 0
-100 -100 0 0
-100 -100 0 0
-100 -100 0 0
-100 -100 0 0
-100 -100 0 0
-100 -100 0 0
