40
64 160 128 768
64 192 128 800
64 224 128 832
128 208 192 800
128 240 192 832
192 176 0 864
192 208 0 896
192 240 0 928
192 272 0 960
256 176 64 864
256 208 64 896
256 240 64 928
256 272 64 960
320 192 128 896
320 224 128 928
320 256 128 960
384 192 192 896
384 224 192 928
384 256 192 960
32 304 256 896
32 336 256 928
32 368 256 960
96 368 320 960
96 336 320 928
96 304 320 896
160 304 384 896
160 336 384 928
160 368 384 960
192 400 448 960
192 368 448 928
192 336 448 896
192 304 448 864
256 304 512 864
256 336 512 896
256 368 512 928
256 400 512 960
320 400 576 960
320 368 576 928
320 336 576 896
320 304 576 864
